20 20 7
0
34
4 0 9 0 0 0 W 0 0
16 8 9 0 0 0 W 0 0
0 10 9 0 0 0 W 0 0
16 10 4 0 0 0 S 1 0
1 2 5 0 0 0 H 10 0
10 8 4 0 0 0 S 1 0
0 12 4 0 0 0 S 1 0
16 4 4 0 0 0 A 3 0
0 19 4 0 0 0 A 3 0
7 9 4 0 0 0 S 1 0
11 0 4 0 0 0 A 3 0
15 1 4 0 0 0 A 3 0
2 0 2 0 0 0 T 4 0
16 3 2 0 0 0 T 4 0
4 19 0 4 0 0 G 7 0
0 14 0 1 0 0 d 5 0
0 16 0 1 0 0 g 6 0
16 16 0 0 0 0 h 9 0
2 5 99 0 0 0 w 8 0
5 4 0 0 0 0 h 9 0
4 17 0 0 0 0 g 6 0
4 18 0 0 0 0 G 7 0
18 11 0 0 0 0 g 6 0
6 12 0 0 0 0 G 7 0
0 15 0 0 0 0 d 5 0
11 16 0 0 0 0 g 6 0
0 17 0 0 0 0 g 6 0
6 0 99 0 0 0 w 8 0
0 6 0 0 0 0 h 9 0
2 12 99 0 0 0 w 8 0
9 17 0 0 0 0 d 5 0
1 17 0 0 0 0 d 5 0
7 16 99 0 0 0 w 8 0
8 0 0 0 0 0 g 6 0
